Solutiile reale ale polinomului 1x^3-6x^2+11x^1-6 sunt:
x1 = (1+0j)
x2 = (1.9999999999999656+0j)
x3 = (1.0000000000000002+0j)
x4 = (1.9999999999999971+0j)
x5 = (2+0j)
x6 = (1.0000000000000002+0j)
x7 = (1.0000000000000002+0j)
x8 = (1.0000000000000002+0j)

Solutiile reale ale polinomului 42x^4-55x^3-42x^2+49x^1-6 sunt:
x1 = (0.14285714285714288+0j)
x2 = (1.5000000000000056+0j)
x3 = (0.1428571428571409+0j)
x4 = (0.6666666666666667+0j)
x5 = (0.14285714285714288+0j)
x6 = (-0.9999999999999925+0j)
x7 = (0.14285714285712697+0j)
x8 = (0.14285714285714227+0j)
x9 = (0.6666666666666667+0j)
x10 = (0.14285714285714288+0j)
x11 = (0.6666666666666666+0j)
x12 = (0.6666666666666666+0j)
x13 = (0.14285714285714288+0j)
x14 = (0.6666666666666666+0j)
x15 = (-0.999999999999994+0j)
x16 = (0.6666666666666665+0j)
x17 = (0.14285714285714446+0j)
x18 = (0.14285714285710413+0j)
x19 = (0.6666666666666666+0j)
x20 = (0.14285714285714288+0j)
x21 = (0.14285714285714285+0j)
x22 = (0.14285714285714285+0j)
x23 = (1.5+0j)
x24 = (-0.9999999999999882+0j)
x25 = (-1+0j)
x26 = (0.14285714286142934+0j)
x27 = (0.14285714285714288+0j)
x28 = (0.6666666666666666+0j)
x29 = (0.14285714285714285+0j)
x30 = (1.5+0j)
x31 = (0.14285714285714304+0j)
x32 = (0.6666666666666814+0j)
x33 = (0.14285714285714285+0j)
x34 = (-0.9999999999999996+0j)
x35 = (0.6666666666666521+0j)
x36 = (0.14285714285714285+0j)
x37 = (-1.00000000000012+0j)
x38 = (-1+0j)
x39 = (0.6666666666666667+0j)
x40 = (0.6666666666666666+0j)
x41 = (0.6666666666666666+0j)
x42 = (-1+0j)
x43 = (0.1428571428571428+0j)

Solutiile reale ale polinomului 8x^4-38x^3+49x^2-22x^1+3 sunt:
x1 = (1+0j)
x2 = (0.9999999999999997+0j)
x3 = (0.25000000000000006+0j)
x4 = (0.49999999999999684+0j)
x5 = (1.0000000000000024+0j)
x6 = (0.9999999999999997+0j)
x7 = (0.49999999999999883+0j)
x8 = (0.25000000000000006+0j)
x9 = (0.25+0j)
x10 = (0.49999999999999956+0j)
x11 = (0.4999999999999997+0j)
x12 = (0.9999999999999994+0j)
x13 = (0.9999999999996131+0j)
x14 = (1.0000000000000007+0j)
x15 = (0.9999999999999993+0j)
x16 = (1+0j)
x17 = (0.9999999999999997+0j)
x18 = (0.9999999999999999+0j)

Solutiile reale ale polinomului 1x^4-6x^3+13x^2-12x^1+4 sunt:
x1 = (1.99999998593783+0j)

